-0.146507222494808
-0.366871946416579
0.099545679585971
-0.130904374088522
-0.427938771299824
-0.462514636502379
-0.12008158260704
0.294243442134098
0.15681582979242
-0.116242138243971
0.395589876844628
-0.310272657972276
-0.713647577503314
-0.310941849594019
0.299375132953781
-0.279497252987393
0.0264065117804765
0.138341834344782
-0.384800847065258
-0.264767071477407
0.520507605361766
-0.406965400895017
0.351202129241457
-0.182797166360653
0.033887785974375
-0.273389852424771
0.384408363767462
-0.0559830962490226
-0.582462311025137
0.25065490591061
0.338989868237563
0.358539661321519
0.0640485535786695
0.204931801917752
-0.208821792339762
0.339916177302042
0.139342131278469
-0.130024090937554
-0.0233191626207527
1.00775518603116
0.0547866055840731
-0.508075041084004
0.692941939116298
-0.158647862968809
0.476149826103459
0.093554210261357
-0.158775946825616
0.346037961989738
0.0470146206506791
0.126131876047082
-0.287735063010908
-0.419263710893886
0.191163114600905
-0.212310462084689
0.0772097891578604
-0.0208321377440186
-0.455587624216459
-0.413280183376727
-0.220856119448282
0.335425350679439
-0.161626007200986
-0.240273030169764
0.0295773459919237
-0.581333073252269
-0.196936652934002
-0.00854803843208285
0.308583192073732
0.0627343929222117
0.364711476256785
-0.147935428006215
-0.683927956879475
-0.209097450444068
0.124404949507992
0.637074355372424
-0.130342581725853
-0.185549561315177
0.337242699192972
0.525417957900515
1.03913966870249
0.41300145149863
-0.204131051459446
0.341017621858543
-0.284079550292831
0.582025903755547
-0.269685456086272
0.29813928245585
-0.120715203869106
-0.623192245772935
-0.0751793117082599
-0.51269660167355
-0.538741725328654
0.950284193466297
0.23065166845896
0.312562108238108
0.570528148032051
-0.185909278073545
-0.199019656621355
-0.239561049090918
-0.138977921892222
-0.109663830943308
-0.737695765653096
-0.039899109647948
-0.604932723773194
0.199933700876334
-0.228699389065256
0.114393339011036
-0.255639706540588
1.03635003503389
-0.0490528611857423
-0.328165388051982
0.861374194563305
0.0699431842601138
-0.126242544716447
-0.517647690371337
-0.174878393129094
-0.232966000808978
0.25024994545068
-0.322831018628582
-0.122974625016718
-0.639309404090268
